0.288
0.352
0.619
0.643
0.198
0.061
0.119
0.131
0.094
0.130
0.138
0.127
0.230
0.181
0.178
0.446
0.420
0.090
0.078
0.229
0.111
0.095
0.155
0.196
0.198
0.101
0.279
0.230
0.217
0.111
0.230
0.110
0.249
0.339
0.259
0.070
0.090
0.191
0.178
0.220
0.149
0.060
0.184
0.191
0.251
0.223
0.156
0.220
0.260
0.168
0.154
0.156
0.156
0.016
0.188
0.096
0.203
0.230
0.281
0.192
0.198
0.336
0.181
0.141
0.137
0.116
0.097
0.198
0.194
0.221
0.163
0.221
0.081
0.082
0.195
0.117
0.119
0.121
0.174
0.207
0.339
0.262
0.167
0.148
0.082
0.079
0.191
0.070
0.124
0.130
0.167
0.281
0.205
0.170
0.154
0.155
0.070
0.080
0.081
0.096
0.174
0.478
0.267
0.187
0.129
0.183
0.261
0.142
0.073
0.074
0.068
0.065
0.101
0.151
0.192
0.196
0.162
0.190
0.119
0.095
0.072
0.080
0.067
0.071
0.097
0.088
0.103
0.115
0.252
0.234
0.167
0.178
0.084
0.093
0.082
0.127
0.078
0.074
0.072
0.086
0.392
0.124
